10 1.80590210000000000000 .00115688669109000000 .02108149879038808757 3.18400000000000000000 .03694400000000000000 .11913188926563701566
20 2.19512250000000000000 .00564398386185000000 .04656385766201395817 5.08200000000000000000 .21201600000000000000 .28539107652482759433
30 2.56525290000000000000 .00355305167009000000 .03694509885738261764 7.24900000000000000000 .46484900000000000000 .42258299994202322383
40 2.82229080000000000000 .00940414398356000000 .06010570649051893140 10.09800000000000000000 4.83919600000000000000 1.36346086682383370850
50 2.99775140000000000000 .01203291686484000000 .06798945023161265715 11.93400000000000000000 5.10554400000000000000 1.40048055432412198843
60 3.18656450000000000000 .01422355784165000000 .07391969954246475425 14.31200000000000000000 7.41887600000000000000 1.68820478738807040499
70 3.29398110000000000000 .00524738719209000000 .04489806525579130564 17.05100000000000000000 13.25852900000000000000 2.25685544522461606416
80 3.50499370000000000000 .02768130565141000000 .10312153208251740087 23.47000000000000000000 27.04498000000000000000 3.22329016950072306081
90 3.51726290000000000000 .03694087987169000000 .11912685848081628311 30.56300000000000000000 36.66500100000000000000 3.75302901456410272712
100 3.60127690000000000000 .01060453390089000000 .06382662252826717132 35.74000000000000000000 51.11220000000000000000 4.43116945647534450054
110 3.79268650000000000000 .04900316563425000000 .13720443181637202493 41.13500000000000000000 89.98208500000000000000 5.87941474754077882444
120 3.77725500000000000000 .05571367690420000000 .14629752601981166790 38.95900000000000000000 33.08934900000000000000 3.56533368870853377237
130 3.83865890000000000000 .17460807316449000000 .25899312227715715616 28.78800000000000000000 8.44505600000000000000 1.80118092177326817252
140 4.03881540000000000000 .10777979038884000000 .20348141014789723143 31.85200000000000000000 21.99451600000000000000 2.90678744777804488164
150 3.88058420000000000000 .10844911071816000000 .20411224944497658834 33.29400000000000000000 22.04038400000000000000 2.90981681853686452980
160 3.59823330000000000000 .36549223105941000000 .37470988175358138744 37.68500000000000000000 15.24130500000000000000 2.41973133401210474137
170 3.72764940000000000000 .58954905927824000000 .47590037467134723657 40.39300000000000000000 46.34550100000000000000 4.21948902879957729128
180 3.96189800000000000000 .28460544068600000000 .33065696135713483568 43.92600000000000000000 76.49968400000000000000 5.42108094437262576462
190 3.70119760000000000000 .29867707375444000000 .33873261527863783550 40.65600000000000000000 61.60566400000000000000 4.86481570896986805887
200 3.82469910000000000000 .46091499250469000000 .42079104496246318098 49.48500000000000000000 89.30508500000000000000 5.85725545401598478035
210 3.53469060000000000000 .05624631623684000000 .14699518647066118946 46.72100000000000000000 86.16098900000000000000 5.75322566342047806866
220 3.76910000000000000000 .35630325005600000000 .36996953461266639811 45.70000000000000000000 20.78826000000000000000 2.82595434527877679227
230 3.71504720000000000000 2.00500634283196000000 .87763502474680541521 53.35900000000000000000 104.73824900000000000000 6.34320468973215462323
240 3.35875360000000000000 2.06409490794624000000 .89047330102402708611 53.49400000000000000000 40.92448400000000000000 3.96504095482505703712
250 3.38575430000000000000 3.44258855021321000000 1.15000209454153028233 55.30600000000000000000 80.43624400000000000000 5.55881169810958788156
